(C:\Users\Shrenuj\Anaconda2) c:\Data\1. Graduate Studies\3. Fall 2016\CSC 591 - Foundations to Softwate Science\Project\Understanding Software Defect Models using McCabe and Halsted Metrics\Code\Experiment 3>python experiment3.py

pc1.csv
3 0.560238095238 0.203430288462
4 0.59119047619 0.226557692308
5 0.605714285714 0.250295673077
6 0.621666666667 0.252254807692
7 0.62880952381 0.248403846154
8 0.629761904762 0.251524038462
9 0.631428571429 0.254230769231
10 0.632619047619 0.256512019231
11 0.639047619048 0.261480769231
12 0.646666666667 0.267983173077
13 0.641904761905 0.272701923077
14 0.656666666667 0.282519230769
15 0.672619047619 0.280435096154
16 0.667142857143 0.281502403846
17 0.66380952381 0.281822115385
18 0.657380952381 0.284274038462
19 0.656666666667 0.283084134615
20 0.643571428571 0.2839375
21 0.639523809524 0.283526442308
22 0.654523809524 0.280617788462
23 0.661904761905 0.279346153846
24 0.665476190476 0.282024038462
bestk =  15

pc2.csv
3 0.795 0.205622146119
4 0.835 0.214783105023
5 0.785 0.226714231355
6 0.74 0.224998097412
7 0.76 0.25622716895
8 0.75 0.253774733638
9 0.745 0.254733637747
10 0.75 0.254444444444
11 0.76 0.254465372907
12 0.715 0.255566971081
13 0.755 0.250203576865
14 0.695 0.249417808219
15 0.74 0.24429414003
16 0.68 0.255827625571
17 0.67 0.258470319635
18 0.67 0.257895738204
19 0.7 0.255820015221
20 0.68 0.251558219178
21 0.675 0.249490106545
22 0.685 0.247182267884
23 0.685 0.245091324201
24 0.7 0.242631278539
bestk =  4

pc3.csv
3 0.773351648352 0.312723404255
4 0.757857142857 0.313987681971
5 0.746978021978 0.319226203807
6 0.746538461538 0.323147816349
7 0.754065934066 0.324714445689
8 0.775549450549 0.323753639418
9 0.767362637363 0.323456886898
10 0.779010989011 0.332369540873
11 0.776483516484 0.325686450168
12 0.760714285714 0.329169092945
13 0.760164835165 0.324731243001
14 0.750714285714 0.325222844345
15 0.750714285714 0.322167973124
16 0.753186813187 0.323800671892
17 0.758186813187 0.326832026876
18 0.758186813187 0.330453527436
19 0.760824175824 0.328836506159
20 0.746098901099 0.330835386338
21 0.749120879121 0.334754759239
22 0.750659340659 0.333304591265
23 0.747857142857 0.338505039194
24 0.747912087912 0.340548712206
bestk =  10

pc4.csv
3 0.972058823529 0.300546875
4 0.89885620915 0.270859375
5 0.858431372549 0.2078125
6 0.862091503268 0.214453125
7 0.858888888889 0.20078125
8 0.858431372549 0.20078125
9 0.858954248366 0.20078125
10 0.858071895425 0.20078125
11 0.859673202614 0.200625
12 0.859640522876 0.20078125
13 0.859117647059 0.2015625
14 0.860130718954 0.2028125
15 0.86160130719 0.206328125
16 0.859934640523 0.21859375
17 0.869575163399 0.23953125
18 0.873529411765 0.25265625
19 0.883954248366 0.28
20 0.890555555556 0.29609375
21 0.890032679739 0.293125
22 0.89660130719 0.3103125
23 0.899346405229 0.31828125
24 0.905490196078 0.322734375
bestk =  3

mw1.csv
3 0.08 0.0253754940711
4 0.503333333333 0.103003952569
5 0.705 0.267628458498
6 0.741666666667 0.28266798419
7 0.681666666667 0.245889328063
8 0.74 0.26266798419
9 0.746666666667 0.276422924901
10 0.748333333333 0.299249011858
11 0.736666666667 0.295296442688
12 0.721666666667 0.27766798419
13 0.736666666667 0.289505928854
14 0.698333333333 0.285197628458
15 0.69 0.270355731225
16 0.643333333333 0.273517786561
17 0.691666666667 0.278023715415
18 0.691666666667 0.276185770751
19 0.7 0.278260869565
20 0.71 0.277035573123
21 0.695 0.277747035573
22 0.706666666667 0.271462450593
23 0.705 0.27756916996
24 0.7 0.27709486166
bestk =  10

kc3.csv
3 0.4125 0.06875
4 0.419166666667 0.069375
5 0.449166666667 0.0796666666667
6 0.525833333333 0.106541666667
7 0.593333333333 0.132666666667
8 0.610833333333 0.182708333333
9 0.588333333333 0.186
10 0.571666666667 0.197333333333
11 0.585833333333 0.204833333333
12 0.546666666667 0.207
13 0.573333333333 0.232083333333
14 0.585833333333 0.23775
15 0.5675 0.248916666667
16 0.56 0.257791666667
17 0.555833333333 0.2595
18 0.533333333333 0.266083333333
19 0.5425 0.272625
20 0.533333333333 0.273375
21 0.536666666667 0.275583333333
22 0.5375 0.292375
23 0.521666666667 0.292875
24 0.519166666667 0.298
bestk =  8

cm1.csv
3 0.4385 0.177204433498
4 0.537 0.23525862069
5 0.5585 0.251366995074
6 0.538 0.25354679803
7 0.8075 0.41104679803
8 0.885 0.467931034483
9 0.824 0.441502463054
10 0.8315 0.448115763547
11 0.8085 0.417192118227
12 0.7795 0.398866995074
13 0.7835 0.383756157635
14 0.728 0.374938423645
15 0.7285 0.36710591133
16 0.73 0.364630541872
17 0.7135 0.362413793103
18 0.705 0.353793103448
19 0.697 0.348830049261
20 0.6955 0.346231527094
21 0.687 0.34578817734
22 0.678 0.33775862069
23 0.6785 0.345899014778
24 0.6885 0.337623152709
bestk =  8